 
  -MOLDEN-
Molden generated mol file
 17 17  0  0  0  0  0  0  0  0999 V2000
    0.0000    0.0000    0.0000 C   0  0  0  0  0  0  0  0  0  0  0  0
    0.0000    0.0000    1.4500 C   0  0  0  0  0  0  0  0  0  0  0  0
    1.0267    0.0000   -0.3630 H   0  0  0  0  0  0  0  0  0  0  0  0
   -0.6835    1.1839    1.9333 C   0  0  0  0  0  0  0  0  0  0  0  0
   -0.5134   -0.8892    1.8130 H   0  0  0  0  0  0  0  0  0  0  0  0
    1.0267    0.0000    1.8130 H   0  0  0  0  0  0  0  0  0  0  0  0
   -2.0506    1.1839    1.4500 C   0  0  0  0  0  0  0  0  0  0  0  0
   -0.6835    1.1839    3.0223 H   0  0  0  0  0  0  0  0  0  0  0  0
   -0.1702    2.0731    1.5703 H   0  0  0  0  0  0  0  0  0  0  0  0
   -2.0506    1.1839    0.0000 C   0  0  0  0  0  0  0  0  0  0  0  0
   -2.5640    0.2948    1.8130 H   0  0  0  0  0  0  0  0  0  0  0  0
   -2.5640    2.0731    1.8130 H   0  0  0  0  0  0  0  0  0  0  0  0
   -1.3671    0.0000   -0.4833 C   0  0  0  0  0  0  0  0  0  0  0  0
   -3.0773    1.1839   -0.3630 H   0  0  0  0  0  0  0  0  0  0  0  0
   -1.5373    2.0731   -0.3630 H   0  0  0  0  0  0  0  0  0  0  0  0
   -1.8804   -0.8892   -0.1203 H   0  0  0  0  0  0  0  0  0  0  0  0
   -1.3671    0.0000   -1.5723 H   0  0  0  0  0  0  0  0  0  0  0  0
  1  2  1  0  0  0  0
  1  3  1  0  0  0  0
  1 13  1  0  0  0  0
  2  4  1  0  0  0  0
  2  5  1  0  0  0  0
  2  6  1  0  0  0  0
  4  7  1  0  0  0  0
  4  8  1  0  0  0  0
  4  9  1  0  0  0  0
  7 10  1  0  0  0  0
  7 11  1  0  0  0  0
  7 12  1  0  0  0  0
 10 13  1  0  0  0  0
 10 14  1  0  0  0  0
 10 15  1  0  0  0  0
 13 16  1  0  0  0  0
 13 17  1  0  0  0  0
M  END

