 # Résultats IBSI - Matrice complète
 # Dossier:exemples_arbre_molecule/3_dimer
 # Nombre d'atomes:          55
 # Threads OpenMP :           4
 # Seuil de liaison:   5.0000000000000003E-002
 #
 # Format: Atome_i Atome_j IBSI_ij Liaison(1/0)
    1    2     0.14434572    1
    1    3     0.01517290    0
    1    4     0.00757850    0
    1    5     0.01414666    0
    1    6     0.13802535    1
    1    7     0.10494296    1
    1    8     0.00080062    0
    1    9     0.00031244    0
    1   10     0.00075007    0
    1   11     0.01530794    0
    1   12     0.01637425    0
    1   13     0.00661733    0
    1   14     0.01161741    0
    1   15     0.00283874    0
    1   16     0.00076419    0
    1   17     0.00010877    0
    1   18     0.00005175    0
    1   19     0.00013635    0
    1   20     0.00098889    0
    1   21     0.00022764    0
    1   22     0.00000913    0
    1   23     0.00000292    0
    1   24     0.00001325    0
    1   25     0.00034492    0
    1   26     0.00081741    0
    1   27     0.00010547    0
    1   28     0.00002688    0
    1   29     0.00000703    0
    1   30     0.00095001    0
    1   31     0.00000825    0
    1   32     0.00004396    0
    1   33     0.00000961    0
    1   34     0.00000422    0
    1   35     0.00437964    0
    1   36     0.00012259    0
    1   37     0.00342410    0
    1   38     0.00044132    0
    1   39     0.00018285    0
    1   40     0.01378630    0
    1   41     0.01149982    0
    1   42     0.00029352    0
    1   43     0.00000159    0
    1   44     0.00000057    0
    1   45     0.00000156    0
    1   46     0.00000089    0
    1   47     0.00000189    0
    1   48     0.00000361    0
    1   49     0.00000165    0
    1   50     0.00000017    0
    1   51     0.00009970    0
    1   52     0.00003265    0
    1   53     0.00004735    0
    1   54     0.00017412    0
    1   55     0.00009553    0
    2    3     0.12727183    1
    2    4     0.01540777    0
    2    5     0.00823921    0
    2    6     0.02248115    0
    2    7     0.01333418    0
    2    8     0.01201276    0
    2    9     0.00106238    0
    2   10     0.00044193    0
    2   11     0.00148965    0
    2   12     0.09332263    1
    2   13     0.01552493    0
    2   14     0.00874520    0
    2   15     0.00562368    0
    2   16     0.00075079    0
    2   17     0.00011475    0
    2   18     0.00009040    0
    2   19     0.00040383    0
    2   20     0.00345574    0
    2   21     0.00015931    0
    2   22     0.00000829    0
    2   23     0.00000591    0
    2   24     0.00006182    0
    2   25     0.00255920    0
    2   26     0.00056490    0
    2   27     0.00004068    0
    2   28     0.00004241    0
    2   29     0.00001010    0
    2   30     0.01599134    0
    2   31     0.00001027    0
    2   32     0.00101459    0
    2   33     0.00020702    0
    2   34     0.00010343    0
    2   35     0.01340319    0
    2   36     0.00067968    0
    2   37     0.00825234    0
    2   38     0.00082902    0
    2   39     0.00017570    0
    2   40     0.00158423    0
    2   41     0.00164935    0
    2   42     0.00105466    0
    2   43     0.00000240    0
    2   44     0.00000136    0
    2   45     0.00000181    0
    2   46     0.00001915    0
    2   47     0.00005178    0
    2   48     0.00010101    0
    2   49     0.00003591    0
    2   50     0.00000577    0
    2   51     0.00017334    0
    2   52     0.00012260    0
    2   53     0.00006019    0
    2   54     0.00008731    0
    2   55     0.00315001    0
    3    4     0.12165285    1
    3    5     0.02072156    0
    3    6     0.00950967    0
    3    7     0.00122235    0
    3    8     0.09234528    1
    3    9     0.01124392    0
    3   10     0.00124008    0
    3   11     0.00050279    0
    3   12     0.01133850    0
    3   13     0.00147769    0
    3   14     0.00060046    0
    3   15     0.00100802    0
    3   16     0.00011840    0
    3   17     0.00002818    0
    3   18     0.00003887    0
    3   19     0.00024581    0
    3   20     0.00153421    0
    3   21     0.00001712    0
    3   22     0.00000183    0
    3   23     0.00000311    0
    3   24     0.00006302    0
    3   25     0.00174981    0
    3   26     0.00004100    0
    3   27     0.00000217    0
    3   28     0.00000234    0
    3   29     0.00000082    0
    3   30     0.00611189    0
    3   31     0.00000146    0
    3   32     0.00034492    0
    3   33     0.00014459    0
    3   34     0.00015418    0
    3   35     0.00147604    0
    3   36     0.00006873    0
    3   37     0.00094385    0
    3   38     0.00015368    0
    3   39     0.00002211    0
    3   40     0.00017570    0
    3   41     0.00017824    0
    3   42     0.00011691    0
    3   43     0.00000019    0
    3   44     0.00000012    0
    3   45     0.00000014    0
    3   46     0.00001003    0
    3   47     0.00004041    0
    3   48     0.00026267    0
    3   49     0.00004587    0
    3   50     0.00000997    0
    3   51     0.00005155    0
    3   52     0.00002705    0
    3   53     0.00000597    0
    3   54     0.00001042    0
    3   55     0.00351165    0
    4    5     0.12706439    1
    4    6     0.01712746    0
    4    7     0.00052929    0
    4    8     0.01457999    0
    4    9     0.09338612    1
    4   10     0.01402431    0
    4   11     0.00106601    0
    4   12     0.00101344    0
    4   13     0.00017955    0
    4   14     0.00011324    0
    4   15     0.00018961    0
    4   16     0.00003496    0
    4   17     0.00001232    0
    4   18     0.00001885    0
    4   19     0.00009223    0
    4   20     0.00034050    0
    4   21     0.00000495    0
    4   22     0.00000096    0
    4   23     0.00000194    0
    4   24     0.00002766    0
    4   25     0.00029513    0
    4   26     0.00000868    0
    4   27     0.00000056    0
    4   28     0.00000028    0
    4   29     0.00000014    0
    4   30     0.00042985    0
    4   31     0.00000043    0
    4   32     0.00001812    0
    4   33     0.00001188    0
    4   34     0.00001757    0
    4   35     0.00016982    0
    4   36     0.00000513    0
    4   37     0.00013519    0
    4   38     0.00003526    0
    4   39     0.00000606    0
    4   40     0.00010886    0
    4   41     0.00009879    0
    4   42     0.00001212    0
    4   43     0.00000003    0
    4   44     0.00000002    0
    4   45     0.00000003    0
    4   46     0.00000081    0
    4   47     0.00000315    0
    4   48     0.00003378    0
    4   49     0.00000606    0
    4   50     0.00000121    0
    4   51     0.00001807    0
    4   52     0.00000461    0
    4   53     0.00000120    0
    4   54     0.00000410    0
    4   55     0.00019111    0
    5    6     0.13105389    1
    5    7     0.00135106    0
    5    8     0.00127534    0
    5    9     0.01142223    0
    5   10     0.09062088    1
    5   11     0.01155009    0
    5   12     0.00045711    0
    5   13     0.00013153    0
    5   14     0.00014983    0
    5   15     0.00015410    0
    5   16     0.00004860    0
    5   17     0.00001834    0
    5   18     0.00001949    0
    5   19     0.00005637    0
    5   20     0.00017052    0
    5   21     0.00000916    0
    5   22     0.00000192    0
    5   23     0.00000217    0
    5   24     0.00001268    0
    5   25     0.00008597    0
    5   26     0.00001456    0
    5   27     0.00000164    0
    5   28     0.00000036    0
    5   29     0.00000020    0
    5   30     0.00009571    0
    5   31     0.00000067    0
    5   32     0.00000332    0
    5   33     0.00000198    0
    5   34     0.00000224    0
    5   35     0.00010794    0
    5   36     0.00000255    0
    5   37     0.00010442    0
    5   38     0.00003319    0
    5   39     0.00000912    0
    5   40     0.00044919    0
    5   41     0.00034973    0
    5   42     0.00000746    0
    5   43     0.00000005    0
    5   44     0.00000002    0
    5   45     0.00000005    0
    5   46     0.00000015    0
    5   47     0.00000046    0
    5   48     0.00000336    0
    5   49     0.00000090    0
    5   50     0.00000013    0
    5   51     0.00001863    0
    5   52     0.00000306    0
    5   53     0.00000162    0
    5   54     0.00000958    0
    5   55     0.00002146    0
    6    7     0.01540982    0
    6    8     0.00050703    0
    6    9     0.00113148    0
    6   10     0.01183213    0
    6   11     0.09046158    1
    6   12     0.00155889    0
    6   13     0.00070368    0
    6   14     0.00128159    0
    6   15     0.00061713    0
    6   16     0.00025863    0
    6   17     0.00007044    0
    6   18     0.00004366    0
    6   19     0.00008996    0
    6   20     0.00033893    0
    6   21     0.00007404    0
    6   22     0.00000873    0
    6   23     0.00000412    0
    6   24     0.00001318    0
    6   25     0.00011845    0
    6   26     0.00014606    0
    6   27     0.00002815    0
    6   28     0.00000425    0
    6   29     0.00000188    0
    6   30     0.00016534    0
    6   31     0.00000415    0
    6   32     0.00000697    0
    6   33     0.00000269    0
    6   34     0.00000186    0
    6   35     0.00050079    0
    6   36     0.00001378    0
    6   37     0.00051235    0
    6   38     0.00013530    0
    6   39     0.00006010    0
    6   40     0.00612226    0
    6   41     0.00427750    0
    6   42     0.00003803    0
    6   43     0.00000049    0
    6   44     0.00000017    0
    6   45     0.00000057    0
    6   46     0.00000026    0
    6   47     0.00000059    0
    6   48     0.00000199    0
    6   49     0.00000081    0
    6   50     0.00000010    0
    6   51     0.00005542    0
    6   52     0.00001045    0
    6   53     0.00001236    0
    6   54     0.00007884    0
    6   55     0.00002231    0
    7    8     0.00009645    0
    7    9     0.00002814    0
    7   10     0.00011250    0
    7   11     0.00584031    0
    7   12     0.00802081    0
    7   13     0.01518865    0
    7   14     0.10501836    1
    7   15     0.00446529    0
    7   16     0.00255094    0
    7   17     0.00031652    0
    7   18     0.00008064    0
    7   19     0.00011278    0
    7   20     0.00068718    0
    7   21     0.00179748    0
    7   22     0.00004600    0
    7   23     0.00000535    0
    7   24     0.00000872    0
    7   25     0.00014060    0
    7   26     0.01401081    0
    7   27     0.00488810    0
    7   28     0.00066838    0
    7   29     0.00016123    0
    7   30     0.00043157    0
    7   31     0.00007122    0
    7   32     0.00003819    0
    7   33     0.00000839    0
    7   34     0.00000249    0
    7   35     0.00723340    0
    7   36     0.00044104    0
    7   37     0.00360036    0
    7   38     0.00096026    0
    7   39     0.00125283    0
    7   40     0.07926188    1
    7   41     0.08738624    1
    7   42     0.00110812    0
    7   43     0.00004403    0
    7   44     0.00001380    0
    7   45     0.00005158    0
    7   46     0.00000138    0
    7   47     0.00000183    0
    7   48     0.00000148    0
    7   49     0.00000112    0
    7   50     0.00000013    0
    7   51     0.00017039    0
    7   52     0.00008045    0
    7   53     0.00054115    0
    7   54     0.00160061    0
    7   55     0.00003247    0
    8    9     0.00298304    0
    8   10     0.00009145    0
    8   11     0.00002616    0
    8   12     0.00362964    0
    8   13     0.00032794    0
    8   14     0.00007727    0
    8   15     0.00019916    0
    8   16     0.00001695    0
    8   17     0.00000414    0
    8   18     0.00000750    0
    8   19     0.00006949    0
    8   20     0.00047926    0
    8   21     0.00000204    0
    8   22     0.00000023    0
    8   23     0.00000058    0
    8   24     0.00002365    0
    8   25     0.00097290    0
    8   26     0.00000538    0
    8   27     0.00000016    0
    8   28     0.00000034    0
    8   29     0.00000014    0
    8   30     0.00504061    0
    8   31     0.00000022    0
    8   32     0.00032231    0
    8   33     0.00021173    0
    8   34     0.00029952    0
    8   35     0.00038598    0
    8   36     0.00002173    0
    8   37     0.00013135    0
    8   38     0.00002980    0
    8   39     0.00000328    0
    8   40     0.00001206    0
    8   41     0.00001336    0
    8   42     0.00003639    0
    8   43     0.00000003    0
    8   44     0.00000002    0
    8   45     0.00000002    0
    8   46     0.00001245    0
    8   47     0.00006864    0
    8   48     0.00070109    0
    8   49     0.00006809    0
    8   50     0.00002223    0
    8   51     0.00000910    0
    8   52     0.00000794    0
    8   53     0.00000097    0
    8   54     0.00000112    0
    8   55     0.00583228    0
    9   10     0.00288369    0
    9   11     0.00007761    0
    9   12     0.00008147    0
    9   13     0.00001232    0
    9   14     0.00000644    0
    9   15     0.00001466    0
    9   16     0.00000252    0
    9   17     0.00000112    0
    9   18     0.00000238    0
    9   19     0.00001398    0
    9   20     0.00004029    0
    9   21     0.00000029    0
    9   22     0.00000008    0
    9   23     0.00000027    0
    9   24     0.00000582    0
    9   25     0.00004265    0
    9   26     0.00000047    0
    9   27     0.00000002    0
    9   28     0.00000001    0
    9   29     0.00000001    0
    9   30     0.00005225    0
    9   31     0.00000003    0
    9   32     0.00000172    0
    9   33     0.00000211    0
    9   34     0.00000468    0
    9   35     0.00001262    0
    9   36     0.00000028    0
    9   37     0.00000700    0
    9   38     0.00000289    0
    9   39     0.00000041    0
    9   40     0.00000577    0
    9   41     0.00000534    0
    9   42     0.00000086    0
    9   43     0.00000000    0
    9   44     0.00000000    0
    9   45     0.00000000    0
    9   46     0.00000013    0
    9   47     0.00000058    0
    9   48     0.00001118    0
    9   49     0.00000152    0
    9   50     0.00000037    0
    9   51     0.00000166    0
    9   52     0.00000041    0
    9   53     0.00000007    0
    9   54     0.00000025    0
    9   55     0.00002569    0
   10   11     0.00301794    0
   10   12     0.00002472    0
   10   13     0.00000789    0
   10   14     0.00001037    0
   10   15     0.00001114    0
   10   16     0.00000444    0
   10   17     0.00000221    0
   10   18     0.00000258    0
   10   19     0.00000634    0
   10   20     0.00001388    0
   10   21     0.00000080    0
   10   22     0.00000026    0
   10   23     0.00000034    0
   10   24     0.00000156    0
   10   25     0.00000607    0
   10   26     0.00000112    0
   10   27     0.00000011    0
   10   28     0.00000002    0
   10   29     0.00000001    0
   10   30     0.00000515    0
   10   31     0.00000006    0
   10   32     0.00000011    0
   10   33     0.00000011    0
   10   34     0.00000015    0
   10   35     0.00000642    0
   10   36     0.00000009    0
   10   37     0.00000488    0
   10   38     0.00000271    0
   10   39     0.00000081    0
   10   40     0.00004746    0
   10   41     0.00003489    0
   10   42     0.00000041    0
   10   43     0.00000000    0
   10   44     0.00000000    0
   10   45     0.00000000    0
   10   46     0.00000001    0
   10   47     0.00000002    0
   10   48     0.00000024    0
   10   49     0.00000006    0
   10   50     0.00000001    0
   10   51     0.00000181    0
   10   52     0.00000022    0
   10   53     0.00000012    0
   10   54     0.00000097    0
   10   55     0.00000084    0
   11   12     0.00014911    0
   11   13     0.00011227    0
   11   14     0.00035068    0
   11   15     0.00010656    0
   11   16     0.00007520    0
   11   17     0.00002275    0
   11   18     0.00001037    0
   11   19     0.00001395    0
   11   20     0.00004266    0
   11   21     0.00002933    0
   11   22     0.00000378    0
   11   23     0.00000104    0
   11   24     0.00000167    0
   11   25     0.00001014    0
   11   26     0.00005767    0
   11   27     0.00001597    0
   11   28     0.00000112    0
   11   29     0.00000073    0
   11   30     0.00001193    0
   11   31     0.00000150    0
   11   32     0.00000038    0
   11   33     0.00000019    0
   11   34     0.00000012    0
   11   35     0.00007142    0
   11   36     0.00000149    0
   11   37     0.00005821    0
   11   38     0.00002734    0
   11   39     0.00002054    0
   11   40     0.00400921    0
   11   41     0.00241049    0
   11   42     0.00000588    0
   11   43     0.00000020    0
   11   44     0.00000005    0
   11   45     0.00000028    0
   11   46     0.00000002    0
   11   47     0.00000004    0
   11   48     0.00000011    0
   11   49     0.00000005    0
   11   50     0.00000001    0
   11   51     0.00001134    0
   11   52     0.00000170    0
   11   53     0.00000401    0
   11   54     0.00003818    0
   11   55     0.00000093    0
   12   13     0.10956682    1
   12   14     0.02215847    0
   12   15     0.01111086    0
   12   16     0.00105273    0
   12   17     0.00011501    0
   12   18     0.00007511    0
   12   19     0.00037022    0
   12   20     0.00515838    0
   12   21     0.00027132    0
   12   22     0.00000806    0
   12   23     0.00000420    0
   12   24     0.00004789    0
   12   25     0.00430817    0
   12   26     0.00186460    0
   12   27     0.00009494    0
   12   28     0.00040524    0
   12   29     0.00006688    0
   12   30     0.09908093    1
   12   31     0.00002004    0
   12   32     0.01437471    0
   12   33     0.00152780    0
   12   34     0.00035579    0
   12   35     0.10377760    1
   12   36     0.01168672    0
   12   37     0.01063875    0
   12   38     0.00132711    0
   12   39     0.00033927    0
   12   40     0.00069546    0
   12   41     0.00091212    0
   12   42     0.01388308    0
   12   43     0.00001474    0
   12   44     0.00001239    0
   12   45     0.00000881    0
   12   46     0.00019348    0
   12   47     0.00039443    0
   12   48     0.00020924    0
   12   49     0.00011507    0
   12   50     0.00002110    0
   12   51     0.00014663    0
   12   52     0.00036372    0
   12   53     0.00020678    0
   12   54     0.00010356    0
   12   55     0.01182381    0
   13   14     0.09304083    1
   13   15     0.10724852    1
   13   16     0.01266252    0
   13   17     0.00110805    0
   13   18     0.00045615    0
   13   19     0.00128516    0
   13   20     0.01540462    0
   13   21     0.00419888    0
   13   22     0.00009011    0
   13   23     0.00002393    0
   13   24     0.00010058    0
   13   25     0.00368287    0
   13   26     0.01073621    0
   13   27     0.00056311    0
   13   28     0.00436575    0
   13   29     0.00048779    0
   13   30     0.01122701    0
   13   31     0.00001089    0
   13   32     0.00510597    0
   13   33     0.00054150    0
   13   34     0.00011778    0
   13   35     0.02224724    0
   13   36     0.00426341    0
   13   37     0.00130017    0
   13   38     0.00029206    0
   13   39     0.00019658    0
   13   40     0.00257123    0
   13   41     0.00104914    0
   13   42     0.08772509    1
   13   43     0.00007254    0
   13   44     0.00009225    0
   13   45     0.00008604    0
   13   46     0.00013431    0
   13   47     0.00008616    0
   13   48     0.00004353    0
   13   49     0.00006248    0
   13   50     0.00000696    0
   13   51     0.00002562    0
   13   52     0.00006818    0
   13   53     0.00021509    0
   13   54     0.00007814    0
   13   55     0.00058867    0
   14   15     0.01349014    0
   14   16     0.00557375    0
   14   17     0.00041559    0
   14   18     0.00009364    0
   14   19     0.00014723    0
   14   20     0.00125046    0
   14   21     0.00427582    0
   14   22     0.00005001    0
   14   23     0.00000518    0
   14   24     0.00001000    0
   14   25     0.00026050    0
   14   26     0.11533743    1
   14   27     0.01147773    0
   14   28     0.01288239    0
   14   29     0.00155416    0
   14   30     0.00146877    0
   14   31     0.00010524    0
   14   32     0.00027345    0
   14   33     0.00004584    0
   14   34     0.00000890    0
   14   35     0.03177911    0
   14   36     0.00459684    0
   14   37     0.00549288    0
   14   38     0.00145145    0
   14   39     0.00192099    0
   14   40     0.01217757    0
   14   41     0.01296234    0
   14   42     0.01429426    0
   14   43     0.00035845    0
   14   44     0.00016604    0
   14   45     0.00035317    0
   14   46     0.00001056    0
   14   47     0.00001023    0
   14   48     0.00000377    0
   14   49     0.00000389    0
   14   50     0.00000052    0
   14   51     0.00013304    0
   14   52     0.00020342    0
   14   53     0.00201718    0
   14   54     0.00106688    0
   14   55     0.00009482    0
   15   16     0.12380059    1
   15   17     0.01495189    0
   15   18     0.00849621    0
   15   19     0.01977615    0
   15   20     0.11585724    1
   15   21     0.01214411    0
   15   22     0.00100599    0
   15   23     0.00044222    0
   15   24     0.00118640    0
   15   25     0.01137551    0
   15   26     0.00209451    0
   15   27     0.00010690    0
   15   28     0.00057037    0
   15   29     0.00010287    0
   15   30     0.00200500    0
   15   31     0.00000085    0
   15   32     0.00128887    0
   15   33     0.00021909    0
   15   34     0.00010465    0
   15   35     0.00139958    0
   15   36     0.00015552    0
   15   37     0.00008189    0
   15   38     0.00002275    0
   15   39     0.00001616    0
   15   40     0.00209346    0
   15   41     0.00024583    0
   15   42     0.01263640    0
   15   43     0.00001082    0
   15   44     0.00002065    0
   15   45     0.00002871    0
   15   46     0.00005908    0
   15   47     0.00002100    0
   15   48     0.00003681    0
   15   49     0.00009732    0
   15   50     0.00000592    0
   15   51     0.00000236    0
   15   52     0.00000429    0
   15   53     0.00001548    0
   15   54     0.00000856    0
   15   55     0.00008784    0
   16   17     0.13392587    1
   16   18     0.02029522    0
   16   19     0.00804278    0
   16   20     0.01659808    0
   16   21     0.08625119    1
   16   22     0.01141478    0
   16   23     0.00128683    0
   16   24     0.00043074    0
   16   25     0.00110731    0
   16   26     0.00236341    0
   16   27     0.00019771    0
   16   28     0.00057730    0
   16   29     0.00015695    0
   16   30     0.00015582    0
   16   31     0.00000037    0
   16   32     0.00007538    0
   16   33     0.00002009    0
   16   34     0.00000973    0
   16   35     0.00022029    0
   16   36     0.00002063    0
   16   37     0.00001270    0
   16   38     0.00000564    0
   16   39     0.00000677    0
   16   40     0.00250176    0
   16   41     0.00015589    0
   16   42     0.00217272    0
   16   43     0.00001379    0
   16   44     0.00002768    0
   16   45     0.00007658    0
   16   46     0.00000668    0
   16   47     0.00000181    0
   16   48     0.00000295    0
   16   49     0.00001069    0
   16   50     0.00000057    0
   16   51     0.00000058    0
   16   52     0.00000085    0
   16   53     0.00000701    0
   16   54     0.00000472    0
   16   55     0.00000464    0
   17   18     0.11595401    1
   17   19     0.01645220    0
   17   20     0.00860209    0
   17   21     0.01490295    0
   17   22     0.09215482    1
   17   23     0.01426654    0
   17   24     0.00103178    0
   17   25     0.00045377    0
   17   26     0.00018190    0
   17   27     0.00001450    0
   17   28     0.00003427    0
   17   29     0.00001784    0
   17   30     0.00002242    0
   17   31     0.00000003    0
   17   32     0.00000985    0
   17   33     0.00000443    0
   17   34     0.00000350    0
   17   35     0.00001872    0
   17   36     0.00000117    0
   17   37     0.00000084    0
   17   38     0.00000050    0
   17   39     0.00000058    0
   17   40     0.00042550    0
   17   41     0.00001918    0
   17   42     0.00019531    0
   17   43     0.00000136    0
   17   44     0.00000352    0
   17   45     0.00001105    0
   17   46     0.00000154    0
   17   47     0.00000033    0
   17   48     0.00000102    0
   17   49     0.00000545    0
   17   50     0.00000022    0
   17   51     0.00000006    0
   17   52     0.00000007    0
   17   53     0.00000053    0
   17   54     0.00000044    0
   17   55     0.00000056    0
   18   19     0.12561217    1
   18   20     0.01534920    0
   18   21     0.00120718    0
   18   22     0.01153733    0
   18   23     0.09689572    1
   18   24     0.01208683    0
   18   25     0.00103743    0
   18   26     0.00002491    0
   18   27     0.00000118    0
   18   28     0.00000370    0
   18   29     0.00000211    0
   18   30     0.00002329    0
   18   31     0.00000001    0
   18   32     0.00001138    0
   18   33     0.00000681    0
   18   34     0.00000926    0
   18   35     0.00000755    0
   18   36     0.00000038    0
   18   37     0.00000030    0
   18   38     0.00000016    0
   18   39     0.00000013    0
   18   40     0.00008859    0
   18   41     0.00000442    0
   18   42     0.00007498    0
   18   43     0.00000016    0
   18   44     0.00000047    0
   18   45     0.00000102    0
   18   46     0.00000214    0
   18   47     0.00000045    0
   18   48     0.00000299    0
   18   49     0.00001845    0
   18   50     0.00000067    0
   18   51     0.00000002    0
   18   52     0.00000002    0
   18   53     0.00000010    0
   18   54     0.00000009    0
   18   55     0.00000070    0
   19   20     0.13388634    1
   19   21     0.00042903    0
   19   22     0.00111163    0
   19   23     0.01128212    0
   19   24     0.08491176    1
   19   25     0.01155501    0
   19   26     0.00002331    0
   19   27     0.00000080    0
   19   28     0.00000364    0
   19   29     0.00000157    0
   19   30     0.00017381    0
   19   31     0.00000001    0
   19   32     0.00010974    0
   19   33     0.00005640    0
   19   34     0.00009928    0
   19   35     0.00002591    0
   19   36     0.00000151    0
   19   37     0.00000114    0
   19   38     0.00000046    0
   19   39     0.00000024    0
   19   40     0.00007430    0
   19   41     0.00000597    0
   19   42     0.00019784    0
   19   43     0.00000013    0
   19   44     0.00000038    0
   19   45     0.00000052    0
   19   46     0.00001473    0
   19   47     0.00000388    0
   19   48     0.00003773    0
   19   49     0.00020348    0
   19   50     0.00000723    0
   19   51     0.00000006    0
   19   52     0.00000008    0
   19   53     0.00000017    0
   19   54     0.00000013    0
   19   55     0.00000824    0
   20   21     0.00103995    0
   20   22     0.00045431    0
   20   23     0.00103067    0
   20   24     0.01491410    0
   20   25     0.09281294    1
   20   26     0.00015335    0
   20   27     0.00000565    0
   20   28     0.00003260    0
   20   29     0.00000874    0
   20   30     0.00210266    0
   20   31     0.00000012    0
   20   32     0.00161897    0
   20   33     0.00041178    0
   20   34     0.00045509    0
   20   35     0.00033967    0
   20   36     0.00002936    0
   20   37     0.00001821    0
   20   38     0.00000515    0
   20   39     0.00000235    0
   20   40     0.00027941    0
   20   41     0.00003776    0
   20   42     0.00211601    0
   20   43     0.00000088    0
   20   44     0.00000208    0
   20   45     0.00000220    0
   20   46     0.00009405    0
   20   47     0.00003257    0
   20   48     0.00018389    0
   20   49     0.00062940    0
   20   50     0.00002707    0
   20   51     0.00000062    0
   20   52     0.00000107    0
   20   53     0.00000180    0
   20   54     0.00000114    0
   20   55     0.00012324    0
   21   22     0.00333732    0
   21   23     0.00009341    0
   21   24     0.00002221    0
   21   25     0.00007897    0
   21   26     0.00404152    0
   21   27     0.00055003    0
   21   28     0.00103637    0
   21   29     0.00033267    0
   21   30     0.00002945    0
   21   31     0.00000041    0
   21   32     0.00000970    0
   21   33     0.00000293    0
   21   34     0.00000095    0
   21   35     0.00010460    0
   21   36     0.00001016    0
   21   37     0.00000577    0
   21   38     0.00000376    0
   21   39     0.00000702    0
   21   40     0.00199167    0
   21   41     0.00013418    0
   21   42     0.00085675    0
   21   43     0.00002976    0
   21   44     0.00004738    0
   21   45     0.00021408    0
   21   46     0.00000104    0
   21   47     0.00000030    0
   21   48     0.00000026    0
   21   49     0.00000085    0
   21   50     0.00000005    0
   21   51     0.00000035    0
   21   52     0.00000051    0
   21   53     0.00000830    0
   21   54     0.00000538    0
   21   55     0.00000064    0
   22   23     0.00286568    0
   22   24     0.00007934    0
   22   25     0.00002330    0
   22   26     0.00003379    0
   22   27     0.00000323    0
   22   28     0.00000511    0
   22   29     0.00000504    0
   22   30     0.00000136    0
   22   31     0.00000000    0
   22   32     0.00000040    0
   22   33     0.00000027    0
   22   34     0.00000019    0
   22   35     0.00000166    0
   22   36     0.00000007    0
   22   37     0.00000005    0
   22   38     0.00000005    0
   22   39     0.00000008    0
   22   40     0.00008285    0
   22   41     0.00000314    0
   22   42     0.00001690    0
   22   43     0.00000035    0
   22   44     0.00000094    0
   22   45     0.00000447    0
   22   46     0.00000010    0
   22   47     0.00000002    0
   22   48     0.00000005    0
   22   49     0.00000030    0
   22   50     0.00000001    0
   22   51     0.00000001    0
   22   52     0.00000001    0
   22   53     0.00000008    0
   22   54     0.00000007    0
   22   55     0.00000002    0
   23   24     0.00308114    0
   23   25     0.00007810    0
   23   26     0.00000150    0
   23   27     0.00000005    0
   23   28     0.00000015    0
   23   29     0.00000015    0
   23   30     0.00000145    0
   23   31     0.00000000    0
   23   32     0.00000050    0
   23   33     0.00000053    0
   23   34     0.00000092    0
   23   35     0.00000040    0
   23   36     0.00000001    0
   23   37     0.00000001    0
   23   38     0.00000001    0
   23   39     0.00000001    0
   23   40     0.00000675    0
   23   41     0.00000029    0
   23   42     0.00000394    0
   23   43     0.00000001    0
   23   44     0.00000003    0
   23   45     0.00000008    0
   23   46     0.00000017    0
   23   47     0.00000003    0
   23   48     0.00000028    0
   23   49     0.00000205    0
   23   50     0.00000007    0
   23   51     0.00000000    0
   23   52     0.00000000    0
   23   53     0.00000001    0
   23   54     0.00000000    0
   23   55     0.00000003    0
   24   25     0.00343398    0
   24   26     0.00000137    0
   24   27     0.00000003    0
   24   28     0.00000014    0
   24   29     0.00000009    0
   24   30     0.00003640    0
   24   31     0.00000000    0
   24   32     0.00001900    0
   24   33     0.00001826    0
   24   34     0.00005465    0
   24   35     0.00000272    0
   24   36     0.00000011    0
   24   37     0.00000009    0
   24   38     0.00000005    0
   24   39     0.00000002    0
   24   40     0.00000502    0
   24   41     0.00000046    0
   24   42     0.00001621    0
   24   43     0.00000001    0
   24   44     0.00000002    0
   24   45     0.00000003    0
   24   46     0.00000422    0
   24   47     0.00000117    0
   24   48     0.00002278    0
   24   49     0.00013157    0
   24   50     0.00000461    0
   24   51     0.00000001    0
   24   52     0.00000001    0
   24   53     0.00000001    0
   24   54     0.00000001    0
   24   55     0.00000175    0
   25   26     0.00002592    0
   25   27     0.00000065    0
   25   28     0.00000466    0
   25   29     0.00000144    0
   25   30     0.00409445    0
   25   31     0.00000005    0
   25   32     0.00306125    0
   25   33     0.00084825    0
   25   34     0.00123086    0
   25   35     0.00021100    0
   25   36     0.00001831    0
   25   37     0.00001093    0
   25   38     0.00000303    0
   25   39     0.00000090    0
   25   40     0.00003668    0
   25   41     0.00000874    0
   25   42     0.00067359    0
   25   43     0.00000016    0
   25   44     0.00000037    0
   25   45     0.00000026    0
   25   46     0.00013662    0
   25   47     0.00006982    0
   25   48     0.00062303    0
   25   49     0.00150285    0
   25   50     0.00006808    0
   25   51     0.00000039    0
   25   52     0.00000076    0
   25   53     0.00000059    0
   25   54     0.00000034    0
   25   55     0.00032221    0
   26   27     0.15793958    1
   26   28     0.12993675    1
   26   29     0.01718137    0
   26   30     0.00016404    0
   26   31     0.00016317    0
   26   32     0.00003303    0
   26   33     0.00000843    0
   26   34     0.00000128    0
   26   35     0.00661411    0
   26   36     0.00182271    0
   26   37     0.00087900    0
   26   38     0.00068648    0
   26   39     0.00220854    0
   26   40     0.00304301    0
   26   41     0.00407268    0
   26   42     0.00378625    0
   26   43     0.00431815    0
   26   44     0.00139861    0
   26   45     0.00497500    0
   26   46     0.00000267    0
   26   47     0.00000194    0
   26   48     0.00000042    0
   26   49     0.00000056    0
   26   50     0.00000008    0
   26   51     0.00005297    0
   26   52     0.00010496    0
   26   53     0.00384658    0
   26   54     0.00121201    0
   26   55     0.00000756    0
   27   28     0.01233155    0
   27   29     0.00720671    0
   27   30     0.00000529    0
   27   31     0.00009975    0
   27   32     0.00000037    0
   27   33     0.00000014    0
   27   34     0.00000002    0
   27   35     0.00051450    0
   27   36     0.00008184    0
   27   37     0.00008679    0
   27   38     0.00016327    0
   27   39     0.00142415    0
   27   40     0.00124944    0
   27   41     0.00265971    0
   27   42     0.00013648    0
   27   43     0.00265504    0
   27   44     0.00026885    0
   27   45     0.00299225    0
   27   46     0.00000003    0
   27   47     0.00000003    0
   27   48     0.00000000    0
   27   49     0.00000001    0
   27   50     0.00000000    0
   27   51     0.00001189    0
   27   52     0.00001392    0
   27   53     0.00179034    0
   27   54     0.00148499    0
   27   55     0.00000010    0
   28   29     0.10623868    1
   28   30     0.00004815    0
   28   31     0.00001354    0
   28   32     0.00001370    0
   28   33     0.00000402    0
   28   34     0.00000035    0
   28   35     0.00151894    0
   28   36     0.00097468    0
   28   37     0.00004669    0
   28   38     0.00006307    0
   28   39     0.00021353    0
   28   40     0.00011793    0
   28   41     0.00012091    0
   28   42     0.00408020    0
   28   43     0.01074145    0
   28   44     0.01041692    0
   28   45     0.01041759    0
   28   46     0.00000168    0
   28   47     0.00000070    0
   28   48     0.00000006    0
   28   49     0.00000013    0
   28   50     0.00000002    0
   28   51     0.00000251    0
   28   52     0.00001440    0
   28   53     0.00066852    0
   28   54     0.00006188    0
   28   55     0.00000090    0
   29   30     0.00001206    0
   29   31     0.00002918    0
   29   32     0.00000362    0
   29   33     0.00000192    0
   29   34     0.00000020    0
   29   35     0.00028148    0
   29   36     0.00021863    0
   29   37     0.00001497    0
   29   38     0.00004375    0
   29   39     0.00021866    0
   29   40     0.00004167    0
   29   41     0.00004932    0
   29   42     0.00050146    0
   29   43     0.09446349    1
   29   44     0.09846482    1
   29   45     0.08358186    1
   29   46     0.00000109    0
   29   47     0.00000045    0
   29   48     0.00000004    0
   29   49     0.00000009    0
   29   50     0.00000002    0
   29   51     0.00000262    0
   29   52     0.00001305    0
   29   53     0.00066681    0
   29   54     0.00006988    0
   29   55     0.00000035    0
   30   31     0.00000355    0
   30   32     0.12163531    1
   30   33     0.02091143    0
   30   34     0.00447930    0
   30   35     0.01311584    0
   30   36     0.00467003    0
   30   37     0.00139789    0
   30   38     0.00030623    0
   30   39     0.00004944    0
   30   40     0.00004032    0
   30   41     0.00005278    0
   30   42     0.00437214    0
   30   43     0.00000254    0
   30   44     0.00000348    0
   30   45     0.00000123    0
   30   46     0.00171290    0
   30   47     0.00692796    0
   30   48     0.00262775    0
   30   49     0.00091597    0
   30   50     0.00030246    0
   30   51     0.00003801    0
   30   52     0.00015596    0
   30   53     0.00003028    0
   30   54     0.00001034    0
   30   55     0.20117238    1
   31   32     0.00000012    0
   31   33     0.00000011    0
   31   34     0.00000001    0
   31   35     0.00035755    0
   31   36     0.00013328    0
   31   37     0.00053966    0
   31   38     0.01187818    0
   31   39     0.10435290    1
   31   40     0.00000534    0
   31   41     0.00013097    0
   31   42     0.00000321    0
   31   43     0.00005608    0
   31   44     0.00000283    0
   31   45     0.00000384    0
   31   46     0.00000002    0
   31   47     0.00000007    0
   31   48     0.00000001    0
   31   49     0.00000000    0
   31   50     0.00000000    0
   31   51     0.00302022    0
   31   52     0.00251517    0
   31   53     0.01116439    0
   31   54     0.01273719    0
   31   55     0.00000041    0
   32   33     0.10790883    1
   32   34     0.00978844    0
   32   35     0.00153660    0
   32   36     0.00070699    0
   32   37     0.00003697    0
   32   38     0.00001275    0
   32   39     0.00000254    0
   32   40     0.00000337    0
   32   41     0.00000258    0
   32   42     0.00373300    0
   32   43     0.00000043    0
   32   44     0.00000134    0
   32   45     0.00000026    0
   32   46     0.01366168    0
   32   47     0.00960711    0
   32   48     0.00222750    0
   32   49     0.00263369    0
   32   50     0.00048222    0
   32   51     0.00000087    0
   32   52     0.00000660    0
   32   53     0.00000220    0
   32   54     0.00000038    0
   32   55     0.01143013    0
   33   34     0.10370871    1
   33   35     0.00028952    0
   33   36     0.00016164    0
   33   37     0.00001137    0
   33   38     0.00000703    0
   33   39     0.00000139    0
   33   40     0.00000098    0
   33   41     0.00000084    0
   33   42     0.00047235    0
   33   43     0.00000031    0
   33   44     0.00000104    0
   33   45     0.00000018    0
   33   46     0.08959663    1
   33   47     0.08616072    1
   33   48     0.01136188    0
   33   49     0.01462644    0
   33   50     0.01141262    0
   33   51     0.00000073    0
   33   52     0.00000537    0
   33   53     0.00000116    0
   33   54     0.00000021    0
   33   55     0.00587353    0
   34   35     0.00004214    0
   34   36     0.00001071    0
   34   37     0.00000176    0
   34   38     0.00000109    0
   34   39     0.00000018    0
   34   40     0.00000035    0
   34   41     0.00000022    0
   34   42     0.00006694    0
   34   43     0.00000003    0
   34   44     0.00000010    0
   34   45     0.00000002    0
   34   46     0.01120891    0
   34   47     0.01410402    0
   34   48     0.08853285    1
   34   49     0.08617497    1
   34   50     0.09487250    1
   34   51     0.00000014    0
   34   52     0.00000067    0
   34   53     0.00000012    0
   34   54     0.00000003    0
   34   55     0.00189350    0
   35   36     0.15751350    1
   35   37     0.10894732    1
   35   38     0.01751409    0
   35   39     0.00543699    0
   35   40     0.00041414    0
   35   41     0.00229012    0
   35   42     0.00542692    0
   35   43     0.00010313    0
   35   44     0.00004402    0
   35   45     0.00002907    0
   35   46     0.00004654    0
   35   47     0.00012692    0
   35   48     0.00002216    0
   35   49     0.00000996    0
   35   50     0.00000295    0
   35   51     0.00134046    0
   35   52     0.00558017    0
   35   53     0.00347316    0
   35   54     0.00114481    0
   35   55     0.00240098    0
   36   37     0.01047655    0
   36   38     0.00566946    0
   36   39     0.00211976    0
   36   40     0.00001910    0
   36   41     0.00011959    0
   36   42     0.00310129    0
   36   43     0.00008243    0
   36   44     0.00004395    0
   36   45     0.00001073    0
   36   46     0.00003009    0
   36   47     0.00008230    0
   36   48     0.00000355    0
   36   49     0.00000166    0
   36   50     0.00000063    0
   36   51     0.00023443    0
   36   52     0.00383218    0
   36   53     0.00237155    0
   36   54     0.00019935    0
   36   55     0.00059826    0
   37   38     0.12751086    1
   37   39     0.01030317    0
   37   40     0.00012402    0
   37   41     0.00229255    0
   37   42     0.00017173    0
   37   43     0.00000733    0
   37   44     0.00000128    0
   37   45     0.00000131    0
   37   46     0.00000097    0
   37   47     0.00000578    0
   37   48     0.00000127    0
   37   49     0.00000027    0
   37   50     0.00000008    0
   37   51     0.01124367    0
   37   52     0.01086186    0
   37   53     0.00210032    0
   37   54     0.00215830    0
   37   55     0.00035251    0
   38   39     0.09476958    1
   38   40     0.00005356    0
   38   41     0.00103787    0
   38   42     0.00006834    0
   38   43     0.00004179    0
   38   44     0.00000500    0
   38   45     0.00000469    0
   38   46     0.00000094    0
   38   47     0.00000509    0
   38   48     0.00000073    0
   38   49     0.00000018    0
   38   50     0.00000009    0
   38   51     0.08776817    1
   38   52     0.09219497    1
   38   53     0.01409447    0
   38   54     0.01204411    0
   38   55     0.00009548    0
   39   40     0.00008849    0
   39   41     0.00192592    0
   39   42     0.00005197    0
   39   43     0.00030843    0
   39   44     0.00002035    0
   39   45     0.00002977    0
   39   46     0.00000025    0
   39   47     0.00000077    0
   39   48     0.00000009    0
   39   49     0.00000004    0
   39   50     0.00000001    0
   39   51     0.01403184    0
   39   52     0.01200771    0
   39   53     0.08854089    1
   39   54     0.09082657    1
   39   55     0.00000703    0
   40   41     0.01294880    0
   40   42     0.00018322    0
   40   43     0.00000896    0
   40   44     0.00000329    0
   40   45     0.00001961    0
   40   46     0.00000017    0
   40   47     0.00000016    0
   40   48     0.00000019    0
   40   49     0.00000020    0
   40   50     0.00000002    0
   40   51     0.00000979    0
   40   52     0.00000419    0
   40   53     0.00004297    0
   40   54     0.00014592    0
   40   55     0.00000177    0
   41   42     0.00009695    0
   41   43     0.00001973    0
   41   44     0.00000338    0
   41   45     0.00001511    0
   41   46     0.00000012    0
   41   47     0.00000022    0
   41   48     0.00000014    0
   41   49     0.00000008    0
   41   50     0.00000001    0
   41   51     0.00024352    0
   41   52     0.00006840    0
   41   53     0.00054445    0
   41   54     0.00426606    0
   41   55     0.00000402    0
   42   43     0.00006518    0
   42   44     0.00015909    0
   42   45     0.00006553    0
   42   46     0.00018171    0
   42   47     0.00007833    0
   42   48     0.00001697    0
   42   49     0.00003322    0
   42   50     0.00000446    0
   42   51     0.00000470    0
   42   52     0.00002363    0
   42   53     0.00008222    0
   42   54     0.00001473    0
   42   55     0.00017434    0
   43   44     0.01102139    0
   43   45     0.01176262    0
   43   46     0.00000015    0
   43   47     0.00000009    0
   43   48     0.00000001    0
   43   49     0.00000001    0
   43   50     0.00000000    0
   43   51     0.00000257    0
   43   52     0.00001326    0
   43   53     0.00105085    0
   43   54     0.00008265    0
   43   55     0.00000007    0
   44   45     0.01392292    0
   44   46     0.00000078    0
   44   47     0.00000023    0
   44   48     0.00000001    0
   44   49     0.00000004    0
   44   50     0.00000001    0
   44   51     0.00000026    0
   44   52     0.00000197    0
   44   53     0.00006612    0
   44   54     0.00000492    0
   44   55     0.00000008    0
   45   46     0.00000010    0
   45   47     0.00000003    0
   45   48     0.00000000    0
   45   49     0.00000001    0
   45   50     0.00000000    0
   45   51     0.00000030    0
   45   52     0.00000102    0
   45   53     0.00007667    0
   45   54     0.00001351    0
   45   55     0.00000002    0
   46   47     0.01254919    0
   46   48     0.00085547    0
   46   49     0.00292573    0
   46   50     0.00278794    0
   46   51     0.00000008    0
   46   52     0.00000076    0
   46   53     0.00000027    0
   46   54     0.00000003    0
   46   55     0.00025662    0
   47   48     0.00283609    0
   47   49     0.00102325    0
   47   50     0.00308136    0
   47   51     0.00000058    0
   47   52     0.00000518    0
   47   53     0.00000057    0
   47   54     0.00000009    0
   47   55     0.00505810    0
   48   49     0.01259010    0
   48   50     0.01451305    0
   48   51     0.00000012    0
   48   52     0.00000040    0
   48   53     0.00000005    0
   48   54     0.00000002    0
   48   55     0.00237279    0
   49   50     0.01154437    0
   49   51     0.00000002    0
   49   52     0.00000009    0
   49   53     0.00000003    0
   49   54     0.00000001    0
   49   55     0.00016078    0
   50   51     0.00000001    0
   50   52     0.00000006    0
   50   53     0.00000001    0
   50   54     0.00000000    0
   50   55     0.00013011    0
   51   52     0.01371095    0
   51   53     0.00103557    0
   51   54     0.00307298    0
   51   55     0.00001400    0
   52   53     0.00324744    0
   52   54     0.00093077    0
   52   55     0.00005767    0
   53   54     0.01387149    0
   53   55     0.00000279    0
   54   55     0.00000098    0
